%%	 Simulation v1.6.9	16:32:40 - Dec  9 2017
%%	^^^^^^^^^^^^^^^^^^^

%          # Modules:
%  NO  - Color Mutation
%  NO  - Illness
%  NO  - Thirst
%  NO  - Lakes
%  NO  - Prey Hunger
%  NO  - Plants
%  NO  - Prey Escape
%  NO  - Environment Color Change
%  NO  - Predator Camouflage

CampoCor = [180 40 10]

Dados = [
200 200 100 100 128.693 124.378 126.360 131.205 137.200 124.195 76.340 74.910 99.900 98.900 4.714 4.567 74.162 74.552 73.048 72.256 70.922 74.693 14.422 13.928 0.000 1.000 73.048 74.693
];