%%	 Simulation v1.6.9	16:32:40 - Dec  9 2017
%%	^^^^^^^^^^^^^^^^^^^

%          # Modules:
%  NO  - Color Mutation
%  NO  - Illness
%  NO  - Thirst
%  NO  - Lakes
%  NO  - Prey Hunger
%  NO  - Plants
%  NO  - Prey Escape
%  NO  - Environment Color Change
%  NO  - Predator Camouflage

CampoCor = [180 40 10]

Dados = [
200 200 100 99 125.650 125.893 125.120 128.205 122.565 130.910 75.275 76.110 101.403 101.265 4.567 4.680 74.478 72.014 75.140 73.055 73.233 72.986 14.799 14.731 1.000 1.000 75.140 72.986
];