%%	 Simulation v1.6.9	16:37:10 - Dec  9 2017
%%	^^^^^^^^^^^^^^^^^^^

%          # Modules:
%  NO  - Color Mutation
%  NO  - Illness
%  NO  - Thirst
%  NO  - Lakes
%  NO  - Prey Hunger
%  NO  - Plants
%  NO  - Prey Escape
%  NO  - Environment Color Change
%  NO  - Predator Camouflage

CampoCor = [180 40 10]

Dados = [
200 200 99 100 126.860 121.900 128.795 122.730 122.660 132.480 76.865 73.530 98.870 97.695 4.365 4.084 73.872 75.538 72.643 75.067 72.925 73.116 14.560 14.000 1.000 2.236 72.643 73.116
